stop_id,stop_code,stop_name,stop_lat,stop_lon,ars_id,stop_uid,stop_type,in_dongdaemun
 , ,홍대입구역(가상),37.5586515,126.9259252, ,113000506,,0
01002,01002,창경궁.서울대학교병원,37.579433,126.996522,01002,100000002,,0
01003,01003,명륜3가.성대입구,37.582581,126.998251,01003,100000003,,0
01005,01005,혜화동로터리.여운형활동터,37.586243,127.001744,01005,100000005,,0
01006,01006,서대문역사거리,37.566137,126.966893,01006,101000305,,0
01007,01007,서울역사박물관.경희궁앞,37.569135,126.97038,01007,100000380,,0
01008,01008,서울역사박물관.경희궁앞,37.569515,126.97076,01008,100000379,,0
01009,01009,광화문역,37.5701417,126.9763534,01009,100000384,,0
01010,01010,광화문역,37.5702397,126.9778803,01010,100000385,,0
01011,01011,종로1가.종각역,37.5701482,126.9810661,01011,100000386,,0
01012,01012,종로1가.종각역,37.570271,126.9816283,01012,100000387,,0
01013,01013,종로2가,37.57017,126.984991,01013,100000388,,0
01014,01014,종로2가,37.570238,126.986536,01014,100000389,,0
01015,01015,종로3가역.탑골공원,37.5702089,126.9893256,01015,100000390,,0
01016,01016,종로3가역.탑골공원,37.5703605,126.9899878,01016,100000391,,0
01017,01017,종로4가.종묘,37.570507,126.9947219,01017,100000392,,0
01018,01018,종로4가.종묘,37.570637,126.995396,01018,100000393,,0
01019,01019,종로5가역.광장시장,37.570786,126.9990605,01019,100000394,,0
01020,01020,종로5가역.광장시장,37.5709302,126.9996038,01020,100000395,,0
01021,01021,종로6가.동대문종합시장,37.57101,127.004464,01021,100000396,,0
01022,01022,종로6가.동대문종합시장,37.5711272,127.0057137,01022,100000397,,0
01023,01023,동대문역.흥인지문,37.572449,127.013813,01023,100000398,,0
01037,01037,동대문역.흥인지문,37.5721524,127.0124191,01037,100000365,,0
01041,01041,동묘앞.서울혜화경찰서,37.5738322,127.0186103,01041,100000366,,0
01044,01044,동묘앞.서울혜화경찰서,37.5742465,127.0195528,01044,100000367,,0
01113,01113,사직단.사직근린공원,37.5751355,126.9679907,01113,100000018,,0
01114,01114,서울경찰청.경복궁역1번출구,37.5761615,126.9714158,01114,100000019,,0
01117,01117,경복궁,37.5755768,126.9787471,01117,100000022,,0
01127,01127,서울경찰청.경복궁역7번출구,37.5757447,126.9714843,01127,100000032,,0
01128,01128,사직단.사직근린공원,37.5748553,126.968189,01128,100000033,,0
01130,01130,덕성여중고,37.575768,126.981972,01130,100000035,,0
01131,01131,안국역.서울공예박물관,37.5760696,126.9839958,01131,100000036,,0
01172,01172,창덕궁.우리소리박물관,37.5775406,126.9885394,01172,100000076,,0
01198,01198,원남동,37.5745325,126.9973383,01198,100000102,,0
01199,01199,창덕궁.우리소리박물관,37.577272,126.988954,01199,100000103,,0
01200,01200,안국역6번출구.인사동문화의거리,37.575799,126.9841344,01200,100000104,,0
01204,01204,효제동.김상옥의거터,37.5745,127.00223,01204,100000108,,0
01205,01205,종로5가.효제초등학교,37.572879,127.0021442,01205,100000109,,0
01219,01219,방송통신대.이화장,37.578043,127.002437,01219,100000123,,0
01220,01220,혜화역2번출구.마로니에공원,37.5811195,127.0022769,01220,100000124,,0
01221,01221,혜화역3번출구.서울대병원입구,37.580956,127.0018482,01221,100000125,,0
01222,01222,방송통신대.이화장,37.577788,127.001977,01222,100000126,,0
01223,01223,연지공원앞.현대그룹빌딩,37.5761194,127.0006951,01223,100000127,,0
01224,01224,창경궁.서울대학교병원,37.578828,126.9968717,01224,100000128,,0
01227,01227,명륜동2가.성균관대입구,37.5834171,126.9993413,01227,100000131,,0
01228,01228,혜화역.서울연극센터(장면총리가옥),37.5840307,127.0014609,01228,100000132,,0
01229,01229,혜화역.동성중고(장면총리가옥),37.5845329,127.0015562,01229,100000133,,0
01243,01243,신설동역오거리,37.5756947,127.0228414,01243,100000147,,0
01249,01249,서울특별시재향군인회관,37.5725807,126.9974788,01249,100000153,,0
02004,02004,서울역버스환승센터,37.555403,126.9725925,02004,101000004,,0
02007,02007,서울역버스환승센터.강우규의거터,37.555411,126.972926,02007,101000007,,0
02008,02008,숭례문,37.5586389,126.9737784,02008,101000008,,0
02127,02127,북창동.남대문시장,37.561273,126.978555,02127,101000032,,0
02140,02140,롯데백화점,37.56451,126.982205,02140,101000041,,0
02142,02142,명동.롯데영플라자,37.562885,126.982008,02142,101000043,,0
02156,02156,을지로입구.로얄호텔,37.5658757,126.9853903,02156,101000057,,0
02158,02158,을지로2가.기업은행본점.서울노동청,37.5662462,126.9865234,02158,101000059,,0
02159,02159,을지로2가.파인에비뉴,37.566072,126.98867,02159,101000060,,0
02160,02160,을지로3가,37.566375,126.990263,02160,101000061,,0
02161,02161,을지로3가,37.566139,126.9914238,02161,101000062,,0
02162,02162,을지로4가,37.566687,126.995933,02162,101000063,,0
02163,02163,을지로4가.베스트웨스턴국도,37.566401,126.9968473,02163,101000064,,0
02165,02165,방산시장.을지로4가역6번출구,37.5668183,126.9992585,02165,101000066,,0
02166,02166,을지로5가.중부시장,37.56662,127.001115,02166,101000067,,0
02169,02169,을지로6가.국립중앙의료원,37.566173,127.006233,02169,101000070,,0
02174,02174,동대문역사문화공원,37.567483,127.00917,02174,101000075,,0
02219,02219,남대문시장앞.이회영활동터,37.5609394,126.9785804,02219,101000114,,0
02272,02272,방산종합시장,37.5678059,127.0019301,02272,101000163,,0
03001,03001,한강대교북단.LG유플러스,37.524049,126.963121,03001,102000001,,0
03002,03002,한강대교북단.LG유플러스,37.5243061,126.9631848,03002,102000002,,0
03003,03003,신용산역,37.527293,126.966207,03003,102000003,,0
03004,03004,신용산역,37.5279205,126.9666192,03004,102000004,,0
03005,03005,용산우체국,37.531497,126.970235,03005,102000005,,0
03006,03006,용산우체국,37.5320504,126.9705641,03006,102000006,,0
03007,03007,삼각지역.전쟁기념관,37.5351801,126.9736858,03007,102000007,,0
03008,03008,삼각지역.전쟁기념관,37.5359845,126.9741609,03008,102000008,,0
03009,03009,숙대입구.서울시교육청역,37.5432956,126.9725378,03009,102000009,,0
03010,03010,숙대입구.서울시교육청역,37.543756,126.9722321,03010,102000010,,0
03011,03011,동자동,37.5509756,126.9722373,03011,102000011,,0
03012,03012,갈월동,37.5495337,126.9717082,03012,102000012,,0
03340,03340,노들섬,37.517515,126.95861,03340,102000247,,0
03341,03341,노들섬,37.5173638,126.9590377,03341,102000248,,0
04001,04001,답십리역사거리,37.5654496,127.0543962,04001,103000001,,0
04002,04002,청년회의소.서울새활용플라자,37.562035,127.060482,04002,103000002,,0
04003,04003,장한평역,37.561188,127.066093,04003,103000003,,0
05001,05001,군자교입구,37.558741,127.0756461,05001,104000001,,0
05002,05002,군자교입구,37.5587937,127.0749003,05002,104000002,,0
05003,05003,군자역.용마초등학교,37.5560989,127.0824731,05003,104000003,,0
05004,05004,군자역.용마초등학교,37.556267,127.081557,05004,104000004,,0
05005,05005,중곡동입구삼거리,37.5544966,127.0865505,05005,104000005,,0
05006,05006,어린이대공원후문.아차산역,37.5512085,127.0901492,05006,104000006,,0
05007,05007,어린이대공원후문.아차산역,37.5527549,127.0892142,05007,104000007,,0
05008,05008,중곡동입구삼거리,37.554926,127.085229,05008,104000299,,0
05009,05009,새밭교회,37.548983,127.093185,05009,104000296,,0
05010,05010,새밭교회,37.5490936,127.0926378,05010,104000295,,0
05011,05011,광나루역,37.545741,127.102649,05011,104000298,,0
05012,05012,광나루역,37.545156,127.103764,05012,104000297,,0
06001,06001,답십리역사거리,37.5651871,127.0550605,06001,105000001,중앙차로,1
06002,06002,청년회의소,37.5619653,127.0612838,06002,105000002,중앙차로,1
06003,06003,장한평역,37.5611511,127.067287,06003,105000003,중앙차로,1
06004,06004,신답초등학교.청계한신휴플러스,37.571753,127.044292,06004,105000004,,0
06005,06005,신답초등학교.청계한신휴플러스,37.5717559,127.0447281,06005,105000005,,0
06006,06006,동대문구청,37.5740954,127.0383272,06006,105000006,중앙차로,1
06007,06007,서울시동부병원,37.5739293,127.0309536,06007,105000007,중앙차로,1
06008,06008,신설동역.서울풍물시장,37.5744279,127.0257177,06008,105000008,중앙차로,1
06009,06009,중랑교,37.5916996,127.067704,06009,105000009,중앙차로,1
06010,06010,중랑교,37.5914246,127.0668384,06010,105000010,중앙차로,1
06011,06011,삼육서울병원.삼육보건대학교,37.5896913,127.0606859,06011,105000011,중앙차로,1
06012,06012,삼육서울병원.삼육보건대학교,37.5899925,127.0619514,06012,105000012,중앙차로,1
06013,06013,시조사삼거리.회기역,37.588707,127.056888,06013,105000013,중앙차로,1
06014,06014,떡전교사거리.동대문노인복지관,37.5864439,127.0520112,06014,105000014,중앙차로,1
06015,06015,청량리역환승센터,37.5804025,127.0454307,06015,105000015,중앙차로,1
06016,06016,청량리역환승센터,37.5802509,127.0460771,06016,105000016,중앙차로,1
06017,06017,동대문구청,37.5734589,127.0399889,06017,105000017,중앙차로,1
06018,06018,청량리역환승센터,37.5802241,127.0457513,06018,105000447,중앙차로,1
06019,06019,청량리역환승센터,37.5803029,127.0457231,06019,105000446,중앙차로,1
06020,06020,청량리역환승센터,37.5807153,127.0453667,06020,105000402,중앙차로,1
06021,06021,청량리미주아파트.동대문세무서,37.58278,127.048395,06021,105000478,중앙차로,1
06022,06022,청량리청과물도매시장,37.5787911,127.0406051,06022,105000480,중앙차로,1
06023,06023,제기동역.서울약령시,37.5781433,127.0377802,06023,105000482,중앙차로,1
06024,06024,제기동역.서울약령시,37.5782168,127.0353229,06024,105000481,중앙차로,1
06025,06025,용두동사거리,37.5775321,127.0299882,06025,105000484,중앙차로,1
06026,06026,용두동사거리.한국의류시험연구원,37.5771527,127.0282789,06026,105000483,중앙차로,1
06027,06027,신설동역,37.57615,127.0250446,06027,105000486,중앙차로,1
06028,06028,신설동역,37.5758268,127.0238433,06028,105000485,중앙차로,1
06101,06101,신설동역3번출구,37.5764536,127.0255837,06101,105000018,가로변시간,1
06102,06102,신설동역4번출구,37.5762454,127.025947,06102,105000019,일반차로,1
06103,06103,용두동한국의류시험연구원,37.5775188,127.0291142,06103,105000020,가로변시간,1
06104,06104,용두로타리한국의류시험연구원,37.5772565,127.029482,06104,105000021,가로변시간,1
06105,06105,제기역약령시장,37.578297,127.0366096,06105,105000022,일반차로,1
06106,06106,제기역약령시장,37.5780535,127.0368349,06106,105000023,일반차로,1
06107,06107,신설동역1번출구,37.5766303,127.0233167,06107,105000552,일반차로,1
06112,06112,청량리미주상가앞,37.5818902,127.047678,06112,105000028,가로변전일,1
06113,06113,서울성심병원,37.5843924,127.0502443,06113,105000029,일반차로,1
06114,06114,서울성심병원,37.5846075,127.0508977,06114,105000030,가로변시간,1
06115,06115,시조사,37.5868488,127.0522796,06115,105000031,일반차로,1
06117,06117,휘경동입구,37.5876645,127.0552071,06117,105000033,가로변시간,1
06118,06118,삼육서울병원,37.5897656,127.0606123,06118,105000034,일반차로,1
06120,06120,래미안라그란데아파트,37.6004425,127.06192,06120,105000566,일반차로,1
06121,06121,중랑교,37.5911444,127.0664307,06121,105000037,일반차로,1
06122,06122,회기시장,37.5912026,127.0566389,06122,105000038,일반차로,1
06123,06123,회기시장,37.590806,127.056588,06123,105000039,일반차로,1
06124,06124,경희중고,37.5929228,127.0577445,06124,105000040,일반차로,1
06125,06125,경희중고,37.5933473,127.0583347,06125,105000041,일반차로,1
06126,06126,외대앞,37.5956282,127.0596059,06126,105000042,일반차로,1
06127,06127,외대앞,37.5954813,127.0597678,06127,105000043,일반차로,1
06128,06128,이문동우체국,37.598348,127.061338,06128,105000044,일반차로,1
06129,06129,이문동교회,37.599973,127.062091,06129,105000045,일반차로,1
06130,06130,의릉입구,37.603888,127.061963,06130,105000046,일반차로,1
06131,06131,의릉입구,37.6034853,127.0621764,06131,105000047,일반차로,1
06132,06132,한천로쌍용아파트앞,37.5981911,127.0676193,06132,105000048,일반차로,1
06133,06133,한천로쌍용아파트앞,37.5986649,127.067887,06133,105000049,일반차로,1
06134,06134,이문동삼익아파트,37.5945486,127.0682139,06134,105000050,일반차로,1
06135,06135,이문동삼익아파트,37.5951035,127.0683628,06135,105000051,일반차로,1
06136,06136,동일스위트리버아파트.휘봉고교,37.5877988,127.0677526,06136,105000052,일반차로,1
06137,06137,휘경유수지견인차고지앞,37.58842,127.068577,06137,105000053,일반차로,1
06138,06138,답십리래미안엘파인아파트,37.5756772,127.0673309,06138,105000560,일반차로,1
06139,06139,래미안엘파인아파트.장안동성당,37.575593,127.06758,06139,105000567,일반차로,1
06140,06140,서울준법지원센터.동성빌라,37.5855553,127.0673893,06140,105000054,일반차로,1
06141,06141,서울준법지원센터.동성빌라,37.5856795,127.0676702,06141,105000055,일반차로,1
06142,06142,휘경여중고.휘경주공아파트앞,37.5826031,127.0682825,06142,105000056,일반차로,1
06143,06143,휘경여중고.휘경주공아파트,37.5821575,127.0685434,06143,105000057,일반차로,1
06144,06144,장안동현대아파트앞,37.5797462,127.0685412,06144,105000058,일반차로,1
06145,06145,전곡시장앞,37.5772371,127.0677951,06145,105000059,일반차로,1
06146,06146,전곡시장앞,37.5773293,127.068142,06146,105000060,일반차로,1
06147,06147,촬영소사거리.우성그린아파트,37.5741909,127.0668513,06147,105000061,일반차로,1
06148,06148,촬영소사거리.우성그린아파트,37.5735107,127.0669165,06148,105000062,일반차로,1
06149,06149,동답초등학교,37.5710398,127.065489,06149,105000063,일반차로,1
06150,06150,동답한신.동아아파트,37.5696221,127.0641135,06150,105000064,일반차로,1
06151,06151,동답한신.동아아파트,37.5688816,127.0639045,06151,105000065,일반차로,1
06152,06152,동아.위더스빌아파트,37.5667403,127.0622143,06152,105000066,일반차로,1
06153,06153,답십리2동주민센터,37.566603,127.06181,06153,105000067,일반차로,1
06154,06154,하나은행장안동지점,37.5634036,127.0585565,06154,105000068,일반차로,1
06155,06155,장한평역4번출구,37.5613115,127.0671377,06155,105000069,일반차로,1
06156,06156,청년회의소앞,37.5621103,127.0615307,06156,105000070,일반차로,1
06157,06157,고미술상가,37.5636092,127.0572974,06157,105000071,일반차로,1
06158,06158,답십리역.동부시장,37.5672563,127.0525194,06158,105000072,일반차로,1
06159,06159,신답역앞,37.5708431,127.0470914,06159,105000073,일반차로,1
06160,06160,동대문구청.용두역4번출구,37.573435,127.0397136,06160,105000074,일반차로,1
06161,06161,용두역5번출구,37.573977,127.037268,06161,105000075,가로변전일,1
06162,06162,용두동신동아아파트,37.5737704,127.0317925,06162,105000076,일반차로,1
06163,06163,동대문우체국.서울풍물시장,37.5747598,127.0245653,06163,105000077,일반차로,1
06164,06164,동대문구청.용두역3번출구,37.5755375,127.0383452,06164,105000078,일반차로,1
06165,06165,동대문구청.용두동주민센터,37.5765808,127.0384169,06165,105000079,일반차로,1
06166,06166,동대문구청.용두동주민센터,37.5753096,127.0379882,06166,105000080,일반차로,1
06167,06167,경동시장앞,37.5819989,127.0387559,06167,105000081,일반차로,1
06168,06168,제기동주민센터.서울약령시앞,37.5819251,127.0383947,06168,105000082,일반차로,1
06169,06169,경동시장,37.5799644,127.0382839,06169,105000083,일반차로,1
06170,06170,홍파초등학교.정화여중고,37.585531,127.038639,06170,105000084,일반차로,1
06171,06171,홍파초등학교.정화여중고,37.5855971,127.0383377,06171,105000085,일반차로,1
06172,06172,제기동한신아파트앞,37.587603,127.037888,06172,105000086,일반차로,1
06173,06173,고려대역.고대앞삼거리,37.5894338,127.0366856,06173,105000087,일반차로,1
06174,06174,고려대역.고대앞삼거리,37.5887479,127.0366498,06174,105000088,일반차로,1
06175,06175,고려대학교앞,37.5881363,127.0346802,06175,105000089,일반차로,1
06176,06176,우신향병원,37.5857223,127.0323863,06176,105000090,일반차로,1
06177,06177,안암오거리,37.5824614,127.029897,06177,105000091,일반차로,1
06178,06178,대광고등학교앞,37.5797777,127.0255621,06178,105000092,일반차로,1
06179,06179,종암초등학교앞,37.5816186,127.0295992,06179,105000093,일반차로,1
06180,06180,용두시장앞,37.5791116,127.0303342,06180,105000094,일반차로,1
06181,06181,용두시장앞,37.579035,127.030161,06181,105000095,일반차로,1
06182,06182,서울시동부병원,37.5758965,127.0304302,06182,105000096,일반차로,1
06183,06183,서울시동부병원,37.5761902,127.0306953,06183,105000097,일반차로,1
06184,06184,동아제약앞,37.5725994,127.0304425,06184,105000098,일반차로,1
06185,06185,동아제약앞,37.5727164,127.0307312,06185,105000099,일반차로,1
06186,06186,떡전교앞,37.584904,127.0526949,06186,105000100,일반차로,1
06187,06187,떡전교앞,37.5846184,127.0525769,06187,105000101,일반차로,1
06188,06188,서울시립대입구,37.5830057,127.0540557,06188,105000102,일반차로,1
06189,06189,서울시립대학교앞,37.5826805,127.0539399,06189,105000103,일반차로,1
06190,06190,서울시동부교육지원청.해성국제컨벤션고교,37.5791853,127.056865,06190,105000104,일반차로,1
06191,06191,전농로터리시장.동부교육지원청,37.578817,127.05676,06191,105000105,일반차로,1
06192,06192,전농우체국앞,37.576367,127.057575,06192,105000106,일반차로,1
06193,06193,전농우체국앞,37.5765202,127.0578903,06193,105000107,일반차로,1
06194,06194,청솔우성아파트.답십리시장,37.5737093,127.057648,06194,105000108,일반차로,1
06195,06195,미드카운티아파트.청솔우성아파트,37.5741113,127.057389,06195,105000109,일반차로,1
06196,06196,답십리2동시온교회앞,37.5705961,127.0573999,06196,105000110,일반차로,1
06197,06197,답십리1동희망샘교회앞,37.5705242,127.0571055,06197,105000111,일반차로,1
06198,06198,답십리초등학교.현대시장,37.5684539,127.0572013,06198,105000112,일반차로,1
06199,06199,답십리초등학교앞,37.5686266,127.0569309,06199,105000113,일반차로,1
06200,06200,답십리역사거리,37.565506,127.0552011,06200,105000114,일반차로,1
06201,06201,황물로사거리,37.5665419,127.055992,06201,105000115,일반차로,1
06202,06202,답십리1동주민센터.래미안위브,37.572367,127.0510037,06202,105000116,일반차로,1
06203,06203,답십리1동주민센터.래미안위브,37.5720994,127.0511403,06203,105000117,일반차로,1
06204,06204,동대문중학교,37.575013,127.0537544,06204,105000118,일반차로,1
06205,06205,동대문중학교,37.5741763,127.0532772,06205,105000119,일반차로,1
06206,06206,전농래미안크레시티아파트,37.5762802,127.0555921,06206,105000120,일반차로,1
06207,06207,대한노인회동대문구지회,37.5762112,127.0559031,06207,105000121,일반차로,1
06208,06208,전농사거리,37.5778148,127.0590376,06208,105000122,일반차로,1
06209,06209,전농사거리,37.5775634,127.0592406,06209,105000123,일반차로,1
06210,06210,배봉초등학교.전농우성아파트,37.5786953,127.0672948,06210,105000124,일반차로,1
06211,06211,배봉초등학교.전농우성아파트,37.5784402,127.0674157,06211,105000125,일반차로,1
06212,06212,장안2동주민센터,37.5788404,127.070404,06212,105000126,일반차로,1
06213,06213,장안2동주민센터,37.578696,127.0704638,06213,105000127,일반차로,1
06214,06214,장안교앞,37.5796534,127.0739714,06214,105000128,일반차로,1
06215,06215,장안교.은석초등학교,37.5796192,127.0746902,06215,105000129,일반차로,1
06216,06216,청량리역6번출구,37.578083,127.043803,06216,105000130,일반차로,1
06217,06217,청량리역6번출구,37.5779453,127.0437858,06217,105000131,일반차로,1
06218,06218,롯데캐슬노블레스,37.5755553,127.0484717,06218,105000132,일반차로,1
06219,06219,전농1파출소,37.5760847,127.0471184,06219,105000133,일반차로,1
06220,06220,래미안크레시티.답십리도서관,37.5745618,127.050244,06220,105000134,일반차로,1
06221,06221,동대문구답십리도서관앞,37.5738813,127.0510268,06221,105000135,일반차로,1
06222,06222,답십리래미안위브아파트,37.572769,127.0548282,06222,105000136,일반차로,1
06223,06223,답십리래미안미드카운티,37.57298,127.055558,06223,105000137,일반차로,1
06224,06224,답십리사거리,37.5727321,127.0567076,06224,105000138,일반차로,1
06225,06225,답십리2동두산아파트,37.5727537,127.0585128,06225,105000139,일반차로,1
06226,06226,답십리시장.청솔우성아파트후문,37.5729536,127.058758,06226,105000140,일반차로,1
06227,06227,답십리2동한양아파트앞,37.5726702,127.0614069,06227,105000141,일반차로,1
06228,06228,답십리2동한양아파트앞,37.5729574,127.0611223,06228,105000142,일반차로,1
06229,06229,동답한신.대림아파트.동대문체육관,37.572663,127.063768,06229,105000143,일반차로,1
06230,06230,촬영소사거리.동답초등학교,37.572642,127.065212,06230,105000144,일반차로,1
06231,06231,촬영소사거리.세양청마루아파트앞,37.5728898,127.0653559,06231,105000145,일반차로,1
06232,06232,동대문구.성동구선거관리위원회,37.5724872,127.0682025,06232,105000146,일반차로,1
06233,06233,동대문구.성동구선거관리위원회,37.5727735,127.0678745,06233,105000147,일반차로,1
06234,06234,장안사거리,37.5725845,127.0703387,06234,105000148,일반차로,1
06235,06235,국민은행장안동지점,37.5723759,127.0734973,06235,105000149,일반차로,1
06236,06236,국민은행장안동지점,37.5720534,127.0742101,06236,105000150,일반차로,1
06237,06237,장안동근린공원,37.5773238,127.0719536,06237,105000151,일반차로,1
06238,06238,장안동근린공원,37.5783141,127.072388,06238,105000152,일반차로,1
06239,06239,동대문더퍼스트데시앙아파트,37.5749921,127.0717763,06239,105000153,일반차로,1
06240,06240,NH농협장안평지점,37.575153,127.0721655,06240,105000154,일반차로,1
06241,06241,코리아병원,37.5732069,127.0716599,06241,105000155,일반차로,1
06242,06242,새서울병원,37.5731013,127.0720051,06242,105000156,일반차로,1
06243,06243,장안동삼성쉐르빌아파트,37.5713996,127.0713569,06243,105000157,일반차로,1
06244,06244,장안동삼성쉐르빌아파트,37.571238,127.070843,06244,105000158,일반차로,1
06245,06245,힐스테이트장안센트럴,37.569605,127.070183,06245,105000159,일반차로,1
06246,06246,현대벤처빌.현대썬앤빌,37.5689209,127.0694007,06246,105000160,일반차로,1
06247,06247,현대벤처빌,37.5682415,127.0692809,06247,105000161,일반차로,1
06248,06248,우리은행장안지점앞,37.566393,127.067727,06248,105000162,일반차로,1
06249,06249,우리은행장안지점앞,37.5655987,127.0676385,06249,105000163,일반차로,1
06250,06250,북한연구소앞,37.5634648,127.0661435,06250,105000164,일반차로,1
06251,06251,장한평역2번출구,37.5622965,127.0649278,06251,105000165,일반차로,1
06252,06252,장한평역3번출구,37.5624371,127.0654362,06252,105000166,일반차로,1
06253,06253,신이문역,37.6026166,127.0679016,06253,105000167,일반차로,1
06254,06254,이문동현대아파트앞,37.6010179,127.0706774,06254,105000168,일반차로,1
06255,06255,이문동현대아파트,37.600859,127.0709847,06255,105000169,일반차로,1
06256,06256,휘경2동주민센터,37.5907361,127.0680485,06256,105000170,일반차로,1
06257,06257,휘경2동주민센터,37.5905049,127.0680859,06257,105000171,일반차로,1
06258,06258,동부아동보호전문기관.동대부중고,37.5768335,127.0763834,06258,105000172,일반차로,1
06259,06259,장안삼성래미안2차아파트,37.5746816,127.0766223,06259,105000173,일반차로,1
06260,06260,장안삼성래미안2차아파트.성복교회,37.5728468,127.0768145,06260,105000174,일반차로,1
06261,06261,장안현대홈타운아파트앞,37.5697592,127.0733886,06261,105000175,일반차로,1
06262,06262,동대문구민체육센터,37.5663863,127.0739413,06262,105000176,일반차로,1
06263,06263,파라브아파트,37.5635828,127.072374,06263,105000177,일반차로,1
06264,06264,장안현대홈타운상가,37.5713084,127.0743786,06264,105000178,일반차로,1
06265,06265,장안현대홈타운앞,37.5692894,127.0756173,06265,105000179,일반차로,1
06266,06266,장안치안센터,37.5679459,127.0724996,06266,105000180,일반차로,1
06267,06267,장안치안센터,37.5682221,127.0727018,06267,105000181,일반차로,1
06268,06268,장평중학교,37.5657454,127.0709395,06268,105000182,일반차로,1
06269,06269,회기역종점,37.5899004,127.0588619,06269,105000183,일반차로,1
06270,06270,경희대입구,37.5912717,127.0530132,06270,105000184,일반차로,1
06271,06271,경희대입구,37.5915831,127.0527127,06271,105000185,일반차로,1
06272,06272,서울바이오허브,37.5913878,127.0501401,06272,105000186,일반차로,1
06273,06273,서울바이오허브,37.5916089,127.0492769,06273,105000187,일반차로,1
06274,06274,한국과학기술원.홍릉초등학교,37.591769,127.045747,06274,105000188,일반차로,1
06275,06275,한국과학기술원.홍릉초등학교,37.5915446,127.0469641,06275,105000189,일반차로,1
06276,06276,국방연구원,37.5914093,127.0411809,06276,105000190,일반차로,1
06277,06277,국방연구원,37.591104,127.0400584,06277,105000191,일반차로,1
06278,06278,세종대왕기념관,37.5898534,127.0423802,06278,105000192,일반차로,1
06279,06279,세종대왕기념관,37.5904615,127.0425674,06279,105000193,일반차로,1
06280,06280,영휘원사거리.(구)홍릉사거리,37.5860009,127.0431752,06280,105000194,일반차로,1
06281,06281,영휘원사거리.(구)홍릉사거리,37.5860143,127.0434662,06281,105000195,일반차로,1
06282,06282,동대문경찰서,37.5841404,127.0437843,06282,105000196,일반차로,1
06283,06283,동대문경찰서,37.5835586,127.0442607,06283,105000197,일반차로,1
06284,06284,현대코아,37.581812,127.0448734,06284,105000198,일반차로,1
06285,06285,현대코아,37.5814859,127.0446558,06285,105000199,일반차로,1
06286,06286,동대문중앙새마을금고,37.5831179,127.0412132,06286,105000200,일반차로,1
06287,06287,동대문중앙새마을금고,37.5829869,127.0422207,06287,105000201,일반차로,1
06288,06288,제기동주민센터앞,37.5829769,127.0378676,06288,105000551,일반차로,1
06289,06289,제기동한신아파트,37.5866382,127.037361,06289,105000203,일반차로,1
06290,06290,제기시장,37.586386,127.03522,06290,105000204,일반차로,1
06291,06291,제기시장,37.5866249,127.034671,06291,105000205,일반차로,1
06293,06293,외대역앞,37.5960096,127.0609471,06293,105000207,일반차로,1
06294,06294,외대역앞,37.5960661,127.0613605,06294,105000208,일반차로,1
06296,06296,SK뷰아파트,37.594405,127.065172,06296,105000569,일반차로,1
06297,06297,청랑리한신아파트.청량사입구,37.5867421,127.047414,06297,105000211,일반차로,1
06298,06298,전동초등학교.전농동SK아파트,37.5777508,127.0609446,06298,105000212,일반차로,1
06299,06299,벽산아파트,37.5827563,127.0305142,06299,105000213,일반차로,1
06300,06300,제기동천주교회,37.5828568,127.033571,06300,105000214,일반차로,1
06301,06301,이문동쌍용아파트,37.598878,127.0688554,06301,105000215,일반차로,1
06302,06302,이문동쌍용아파트,37.5988317,127.0691211,06302,105000216,일반차로,1
06304,06304,전동초등학교.전농동SK아파트,37.5781199,127.0614944,06304,105000218,일반차로,1
06308,06308,한국산업인력공단서울지역본부,37.5837445,127.0729707,06308,105000222,일반차로,1
06309,06309,서울반도체고교.휘경주공아파트,37.5841657,127.0692519,06309,105000223,일반차로,1
06310,06310,e편한세상청계센트럴포레아파트,37.5708159,127.0302942,06310,105000559,일반차로,1
06313,06313,래미안장안1차아파트앞,37.5668317,127.0720205,06313,105000226,일반차로,1
06314,06314,장평중학교앞,37.5649582,127.0702528,06314,105000227,일반차로,1
06315,06315,청량리미주상가앞,37.581958,127.0472557,06315,105000228,가로변전일,1
06318,06318,종로사약국,37.5945214,127.0653058,06318,105000231,일반차로,1
06320,06320,회기동현대아파트,37.5891109,127.0544609,06320,105000233,일반차로,1
06321,06321,우산빌딩앞,37.5888823,127.0546771,06321,105000234,일반차로,1
06322,06322,배봉산입구,37.5803416,127.068204,06322,105000235,일반차로,1
06330,06330,동부아파트,37.5866889,127.0452316,06330,105000243,일반차로,1
06335,06335,자동차부품상가,37.5645947,127.0577757,06335,105000248,일반차로,1
06349,06349,청랑리한신아파트.청량사입구,37.5865145,127.0476686,06349,105000262,일반차로,1
06356,06356,장안동삼성쉐르빌아파트앞,37.5723085,127.070211,06356,105000550,일반차로,1
06357,06357,동대문노인종합복지관,37.5859461,127.0497131,06357,105000269,일반차로,1
06358,06358,쌍용아파트,37.6013501,127.0683889,06358,105000270,일반차로,1
06359,06359,쌍용아파트,37.6014675,127.0685177,06359,105000271,일반차로,1
06416,06416,삼육서울병원,37.5902833,127.0623613,06416,105000287,일반차로,1
06417,06417,동일스위트리버앞.휘봉고교,37.5871807,127.0676591,06417,105000288,일반차로,1
06418,06418,청량리수산시장,37.5786434,127.0408714,06418,105000289,일반차로,1
06419,06419,휘봉초등학교,37.5877064,127.0696854,06419,105000290,일반차로,1
06422,06422,휘경미소지움아파트,37.5909282,127.0645643,06422,105000477,일반차로,1
06423,06423,서울반도체고교.휘경주공아파트,37.5844695,127.0697135,06423,105000549,일반차로,1
06424,06424,용두동신동아아파트,37.574045,127.0325998,06424,105000479,일반차로,1
06425,06425,다사랑행복센터.서울문화재단,37.571438,127.033757,06425,105000568,일반차로,1
06426,06426,청량리수산시장,37.5789522,127.0418951,06426,105000488,일반차로,1
06500,06500,답십리역3번출구,37.5667685,127.0531915,06500,105900043,마을버스,1
06501,06501,가든아파트.수사연구소,37.5845492,127.0720742,06501,105900028,마을버스,1
06502,06502,회기역,37.590123,127.0578477,06502,105900027,마을버스,1
06503,06503,답십리역1번출구,37.5684979,127.0506964,06503,105900026,마을버스,1
06504,06504,동일하이빌.현대베스트빌아파트,37.5824732,127.0739978,06504,105900025,마을버스,1
06505,06505,동안교회,37.5938678,127.0577431,06505,105900057,마을버스,1
06506,06506,경희대입구,37.5915658,127.0527811,06506,105900051,마을버스,1
06507,06507,청계한신휴플러스,37.5718072,127.0450335,06507,103000508,일반차로,1
06508,06508,시조사삼거리,37.588481,127.053504,06508,105900061,마을버스,1
06509,06509,경희중고,37.5943592,127.0564273,06509,105900024,마을버스,1
06510,06510,경희대의료원.경희여중고,37.594127,127.052311,06510,105900050,마을버스,1
06511,06511,한신휴플러스정문,37.5727353,127.0450796,06511,105900041,마을버스,1
06512,06512,천장산로33,37.598865,127.057872,06512,105000561,마을버스,1
06513,06513,경희맨션,37.5956151,127.0570001,06513,105900023,마을버스,1
06515,06515,동아아파트,37.5742471,127.0455832,06515,105900022,마을버스,1
06516,06516,삼성래미안,37.600017,127.058495,06516,105000562,마을버스,1
06517,06517,경희대동문,37.5966712,127.0568673,06517,105900021,마을버스,1
06518,06518,래미안라그란데,37.59979,127.060119,06518,105000563,마을버스,1
06519,06519,전농119안전센터,37.5761835,127.0456082,06519,105900020,마을버스,1
06520,06520,래미안라그란데,37.599997,127.059674,06520,105000564,마을버스,1
06521,06521,외대.경희대후문,37.5983129,127.0571505,06521,105900019,마을버스,1
06523,06523,전농1동파출소,37.5764222,127.0480957,06523,105900018,마을버스,1
06524,06524,휘경여중고.휘경주공아파트,37.5824548,127.0685629,06524,105900017,마을버스,1
06526,06526,신성미소지움아파트,37.5789318,127.0501308,06526,105900038,마을버스,1
06528,06528,삼성래미안,37.5999118,127.0573676,06528,105900016,마을버스,1
06530,06530,청량리역고가도로교동단,37.5805091,127.0514146,06530,105900039,마을버스,1
06533,06533,영광빌딩,37.5818431,127.0525059,06533,105900036,마을버스,1
06537,06537,시립대입구,37.5838521,127.0534664,06537,105900015,마을버스,1
06539,06539,외대앞역,37.5953349,127.0628249,06539,105900056,마을버스,1
06546,06546,회기역종점,37.5898518,127.0587396,06546,105900053,마을버스,1
06556,06556,외대.경희대후문,37.5983039,127.0569625,06556,105900012,마을버스,1
06557,06557,신설동역1번출구,37.5760125,127.023609,06557,105900029,마을버스,1
06559,06559,천장산로33,37.5988827,127.057755,06559,105900060,마을버스,1
06560,06560,경희대동문,37.5967407,127.0567462,06560,105900011,마을버스,1
06564,06564,경희맨션,37.5956557,127.0569107,06564,105900009,마을버스,1
06567,06567,경희중고,37.5946512,127.0563426,06567,105900007,마을버스,1
06570,06570,동안교회,37.5928603,127.0573015,06570,105900006,마을버스,1
06572,06572,동대부고.은석초교앞,37.5792595,127.07367,06572,105900005,마을버스,1
06575,06575,서울시립대,37.5831152,127.0531816,06575,105900004,마을버스,1
06576,06576,영광빌딩,37.5819811,127.0521992,06576,105900037,마을버스,1
06577,06577,청량리역고가도로교동단,37.5805903,127.051135,06577,105900040,마을버스,1
06578,06578,신성미소지움아파트,37.5786581,127.0495758,06578,105900031,마을버스,1
06579,06579,전농1동파출소,37.5762783,127.0476065,06579,105900032,마을버스,1
06580,06580,동대문해병전우회,37.5763719,127.0455245,06580,105900033,마을버스,1
06581,06581,태양하나어린이집.동아아파트,37.5740642,127.0454348,06581,105900034,마을버스,1
06582,06582,한신휴플러스후문,37.5729896,127.0467316,06582,105900035,마을버스,1
06583,06583,답십리청소년독서실,37.5711405,127.0492346,06583,105900042,마을버스,1
06584,06584,삼희아파트1동,37.5701586,127.0505437,06584,105900003,마을버스,1
06585,06585,답십리고미술상가2동,37.5689958,127.0514871,06585,105900044,마을버스,1
06586,06586,답십리건축자재시장,37.5674739,127.0534864,06586,105900045,마을버스,1
06587,06587,답십리1동교차로,37.5661899,127.0552016,06587,105900046,마을버스,1
06588,06588,답십리1치안센터,37.5651431,127.0566147,06588,105900047,마을버스,1
06591,06591,고려대역3번출구,37.5904834,127.0365261,06591,105900002,마을버스,1
06594,06594,의료원입구사거리,37.5926994,127.0526585,06594,105900001,마을버스,1
06595,06595,삼육서울병원,37.5902762,127.062222,06595,105900054,마을버스,1
06626,06626,장안삼거리,37.5780291,127.0723517,06626,105000316,일반차로,1
06628,06628,장안사거리,37.5732094,127.0720255,06628,105000318,일반차로,1
06629,06629,장안사거리,37.5737863,127.0716865,06629,105000319,일반차로,1
06631,06631,장한평역,37.5613848,127.0667269,06631,105000321,일반차로,1
06755,06755,청량리역,37.580477,127.046268,06755,105000407,일반차로,1
06756,06756,서울시립대입구,37.5828563,127.0538031,06756,105000408,일반차로,1
06757,06757,전농동사거리,37.5772526,127.0571016,06757,105000409,일반차로,1
06758,06758,신답역,37.5705482,127.047784,06758,105000410,일반차로,1
06768,06768,장안삼거리,37.5778473,127.0719972,06768,105000420,일반차로,1
06774,06774,신설동역오거리.서울풍물시장,37.5742756,127.0234166,06774,105000426,일반차로,1
06775,06775,경동시장앞,37.580568,127.0386578,06775,105000438,일반차로,1
06776,06776,경동시장사거리,37.5772294,127.0381091,06776,105000555,일반차로,1
06777,06777,힐스테이트장안센트럴,37.5705803,127.0704788,06777,105000429,일반차로,1
06778,06778,힐스테이트장안센트럴,37.5703411,127.070739,06778,105000430,일반차로,1
06779,06779,동답초교.대림아파트,37.5712072,127.0652299,06779,105000489,일반차로,1
06780,06780,정화여중.정화고등학교,37.5868028,127.041753,06780,105000557,일반차로,1
06781,06781,정화여중.정화고등학교,37.5866113,127.0418435,06781,105000556,일반차로,1
06999,06999,동대문노인종합복지관,37.5863103,127.0492582,06999,105000440,일반차로,1
07003,07003,상봉역.중랑우체국,37.5959591,127.0837436,07003,106000003,,0
07005,07005,중랑역.동부시장,37.5940083,127.0760312,07005,106000005,,0
07006,07006,중랑역.동부시장,37.593613,127.074938,07006,106000006,,0
07128,07128,한샘교회,37.59542,127.082492,07128,106000034,,0
07144,07144,서울우유앞,37.592108,127.072817,07144,106000050,,0
07145,07145,서울우유앞,37.591323,127.073171,07145,106000051,,0
07146,07146,중랑초등학교,37.58932,127.074318,07146,106000052,,0
07147,07147,중랑초등학교,37.589507,127.07427,07147,106000053,,0
07148,07148,동부시장남문입구,37.59043,127.077666,07148,106000054,,0
07149,07149,동부시장남문입구,37.5907704,127.0782593,07149,106000055,,0
07150,07150,88병원,37.5913119,127.080896,07150,106000056,,0
07151,07151,상봉2동주민센터,37.591647,127.081088,07151,106000057,,0
07152,07152,중랑구시설관리공단,37.592028,127.083885,07152,106000058,,0
07153,07153,중랑구시설관리공단,37.59224,127.083713,07153,106000059,,0
07154,07154,면목6거리,37.59288,127.087857,07154,106000060,,0
07155,07155,면목6거리,37.5929402,127.0872031,07155,106000061,,0
07156,07156,상봉신협,37.5933652,127.0899025,07156,106000062,,0
07157,07157,상봉신협,37.5936532,127.0905684,07157,106000063,,0
07158,07158,혜원사거리,37.59388,127.092532,07158,106000064,,0
07159,07159,혜원사거리,37.5943706,127.0936742,07159,106000065,,0
07160,07160,혜원여중고입구,37.594427,127.09505,07160,106000066,,0
07161,07161,혜원여중고입구,37.594772,127.095553,07161,106000067,,0
07162,07162,봉우재고개,37.595025,127.097837,07162,106000068,,0
07163,07163,봉우재고개,37.5951121,127.0973049,07163,106000069,,0
07164,07164,우림시장,37.595398,127.09954,07164,106000070,,0
07165,07165,우림시장,37.595575,127.099288,07165,106000071,,0
07166,07166,상봉역3번출구,37.5942959,127.0862158,07166,106000072,,0
07167,07167,상봉역4번출구,37.5941973,127.0859397,07167,106000073,,0
07168,07168,면목초등학교,37.5913437,127.0869725,07168,106000074,,0
07169,07169,면목초등학교,37.5913024,127.086678,07169,106000075,,0
07170,07170,지하철7호선면목역,37.5891322,127.0872406,07170,106000076,,0
07171,07171,지하철7호선면목역,37.5891662,127.0875226,07171,106000077,,0
07172,07172,면목본동주민센터.면목정보도서관,37.586909,127.088244,07172,106000078,,0
07173,07173,면목본동주민센터.면목정보도서관,37.5865148,127.0880981,07173,106000079,,0
07174,07174,면동초등학교,37.5842573,127.0884544,07174,106000080,,0
07175,07175,면동초등학교,37.5848548,127.08836,07175,106000081,,0
07176,07176,면목우체국.녹색병원,37.5820548,127.0887178,07176,106000082,,0
07177,07177,면목우체국.녹색병원,37.582733,127.088455,07177,106000083,,0
07178,07178,사가정역.국민건강보험공단중랑지사,37.57986,127.0880663,07178,106000084,,0
07179,07179,사가정역2번출구,37.5812243,127.0884338,07179,106000085,,0
07180,07180,제2방정환교육지원센터.면목시장,37.579647,127.0876507,07180,106000086,,0
07181,07181,면목7동주민센터.면남초등학교,37.5786343,127.0863248,07181,106000087,,0
07182,07182,면목7동주민센터.면남초등학교,37.5783,127.085932,07182,106000088,,0
07183,07183,방약국앞,37.5757746,127.0858494,07183,106000089,,0
07184,07184,방약국앞,37.575997,127.08574,07184,106000090,,0
07189,07189,용마공원입구,37.59392,127.099437,07189,106000095,,0
07190,07190,용마공원입구,37.594253,127.099292,07190,106000096,,0
07191,07191,면일초등학교,37.592017,127.0984,07191,106000097,,0
07192,07192,면일초등학교,37.591217,127.097627,07192,106000098,,0
07193,07193,서일대학교,37.58951,127.0967,07193,106000099,,0
07194,07194,서일대학교,37.589193,127.09687,07194,106000100,,0
07195,07195,용마문화복지센터.서일대후문,37.586485,127.09538,07195,106000101,,0
07196,07196,용마문화복지센터.서일대후문,37.586712,127.095167,07196,106000102,,0
07251,07251,중화2동주민센터,37.601637,127.076759,07251,106000156,,0
07252,07252,중화2동주민센터,37.601413,127.077011,07252,106000157,,0
07253,07253,중화역3번출구,37.6017066,127.0787353,07253,106000158,,0
07254,07254,중화역3번출구,37.6014505,127.0789975,07254,106000159,,0
07255,07255,중화역2번출구.중화1동주민센터,37.6016944,127.080683,07255,106000160,,0
07256,07256,중화역2번출구.중화1동주민센터,37.601522,127.080945,07256,106000161,,0
07257,07257,중흥초등학교,37.6017894,127.0827319,07257,106000162,,0
07258,07258,중흥초등학교,37.601683,127.083092,07258,106000163,,0
07259,07259,이화연립.경동제일교회앞,37.6023519,127.0849966,07259,106000164,,0
07260,07260,이화연립.경동제일교회앞,37.6022944,127.0853154,07260,106000165,,0
07261,07261,쌍용아파트.신내테크노타운앞,37.60335,127.088091,07261,106000166,,0
07262,07262,쌍용아파트.신내테크노타운앞,37.6031156,127.0880531,07262,106000167,,0
07263,07263,엘지아파트앞,37.6041,127.089863,07263,106000168,,0
07264,07264,엘지아파트앞,37.603949,127.090003,07264,106000169,,0
07265,07265,신현중학교,37.605312,127.091763,07265,106000170,,0
07266,07266,신현중학교,37.6047917,127.0914212,07266,106000171,,0
07267,07267,중랑구청,37.606645,127.094183,07267,106000172,,0
07268,07268,중랑구청,37.6062056,127.0936349,07268,106000173,,0
07269,07269,동성프라자앞,37.6077715,127.0971854,07269,106000174,,0
07270,07270,동성프라자앞,37.6077072,127.0976237,07270,106000175,,0
07302,07302,신내데시앙아파트.신내역프라디움,37.6105406,127.1013329,07302,106000207,,0
07303,07303,신내데시앙아파트.신내역프라디움,37.6105383,127.1010153,07303,106000208,,0
07337,07337,중랑공영차고지,37.6136452,127.1020231,07337,106000241,,0
07418,07418,중랑공영차고지.신내역,37.6135447,127.1027997,07418,106000319,,0
07550,07550,중랑공영차고지.신내역,37.613209,127.103628,07550,106000467,,0
08003,08003,길음뉴타운,37.6037502,127.0242689,08003,107000003,,0
08005,08005,미아리고개.미아리예술극장,37.5988113,127.0217091,08005,107000005,,0
08006,08006,미아리고개.미아리예술극장,37.597921,127.0218209,08006,107000006,,0
08007,08007,돈암사거리.성신여대입구,37.5937433,127.0181314,08007,107000007,,0
08008,08008,돈암사거리.성신여대입구,37.593251,127.017684,08008,107000008,,0
08009,08009,삼선교.한성대학교,37.5899648,127.0093351,08009,107000009,,0
08010,08010,삼선교.한성대학교.조소앙활동터,37.5893633,127.0082049,08010,107000010,,0
08123,08123,길음역2번출구.돈암삼성아파트,37.6018744,127.0245753,08123,107000033,,0
08148,08148,성가복지병원,37.6058827,127.0311379,08148,107000058,,0
08149,08149,성가복지병원,37.605922,127.03153,08149,107000059,,0
08150,08150,종암경찰서,37.6014326,127.0330444,08150,107000060,,0
08151,08151,종암경찰서,37.6011064,127.033684,08151,107000061,,0
08152,08152,종암동주민센터,37.5994153,127.0341075,08152,107000062,,0
08153,08153,종암동주민센터,37.598373,127.034953,08153,107000063,,0
08154,08154,숭례초교,37.5948053,127.0356812,08154,107000064,,0
08155,08155,숭례초등학교,37.5943969,127.0361702,08155,107000065,,0
08156,08156,고대앞,37.5885637,127.0348108,08156,107000066,,0
08157,08157,우신향병원,37.5851359,127.0316105,08157,107000067,일반차로,1
08171,08171,미아초교,37.6115319,127.022039,08171,107000081,,0
08172,08172,미아초교,37.6108866,127.0224658,08172,107000082,,0
08173,08173,길음동동부아파트,37.607288,127.023531,08173,107000083,,0
08174,08174,길음동동부아파트,37.608022,127.023455,08174,107000084,,0
08175,08175,삼선동주민센터,37.5906107,127.0143473,08175,107000085,,0
08176,08176,삼선동주민센터,37.5906918,127.0147154,08176,107000086,,0
08177,08177,성북구청.성북경찰서,37.588152,127.017432,08177,107000087,,0
08178,08178,성북구청.성북경찰서,37.5886054,127.0172299,08178,107000088,,0
08179,08179,보문역2번출구,37.5858514,127.0189209,08179,107000089,,0
08180,08180,보문역6번출구,37.5848759,127.0197707,08180,107000090,,0
08181,08181,보문동성당,37.5823963,127.0207962,08181,107000091,,0
08182,08182,보문동성당,37.582399,127.0211155,08182,107000092,,0
08183,08183,보문동주민센터,37.5804515,127.0218635,08183,107000093,,0
08184,08184,보문동주민센터,37.580047,127.022377,08184,107000094,,0
08295,08295,보문역5번출구,37.5854637,127.0202536,08295,107000199,,0
08296,08296,보문역4번출구,37.5856512,127.0200804,08296,107000200,,0
08297,08297,안암동주민센터,37.5860464,127.0219386,08297,107000201,,0
08298,08298,안암동주민센터,37.586268,127.022369,08298,107000202,,0
08299,08299,고려대이공대.고대병원,37.586177,127.025987,08299,107000203,,0
08300,08300,고려대이공대.고대병원,37.586431,127.02588,08300,107000204,,0
08301,08301,안암역3번출구,37.5862292,127.0305239,08301,107000205,,0
08302,08302,안암역2번출구,37.5863645,127.030276,08302,107000206,,0
08318,08318,돈암초교입구,37.591078,127.012142,08318,107000222,,0
08326,08326,보문역3번출구,37.585933,127.019202,08326,107000230,,0
09001,09001,수유3동우체국,37.641345,127.029165,09001,108000001,,0
09002,09002,수유3동우체국,37.640892,127.02883,09002,108000002,,0
09003,09003,수유역.수유사거리,37.6365086,127.0240046,09003,108000003,,0
09004,09004,수유역.강북구청,37.637582,127.025327,09004,108000004,,0
09005,09005,수유시장.성신여대미아캠퍼스앞,37.6312262,127.024172,09005,108000005,,0
09006,09006,수유시장.성신여대미아캠퍼스앞,37.6303452,127.0246442,09006,108000006,,0
09007,09007,미아역.신일중고,37.6248697,127.0266493,09007,108000007,,0
09008,09008,미아역.신일중고,37.6243092,127.0270667,09008,108000008,,0
09009,09009,도봉세무서.성암국제무역고,37.6197141,127.0287194,09009,108000009,,0
09010,09010,도봉세무서.성암국제무역고,37.6188372,127.0292481,09010,108000010,,0
09011,09011,미아사거리역,37.6137621,127.0299325,09011,108000011,,0
09012,09012,미아사거리역,37.6128943,127.0302131,09012,108000012,,0
09013,09013,수유역.강북구청,37.6382895,127.0258704,09013,108000378,,0
09166,09166,삼양동사거리.래미안트리베라,37.6180883,127.021308,09166,108000078,,0
09167,09167,삼양동사거리.래미안트리베라,37.6185334,127.0214576,09167,108000079,,0
09168,09168,송천초등학교.미아뉴타운입구,37.6154597,127.0221104,09168,108000080,,0
09169,09169,송천초등학교.미아뉴타운입구,37.6140963,127.0223139,09169,108000081,,0
09211,09211,혜화여고.수유중학교입구,37.6321134,127.0135834,09211,108000123,,0
09212,09212,혜화여고.수유중학교입구,37.631976,127.0137958,09212,108000124,,0
09213,09213,서울정인학교.우광타운,37.6292134,127.013002,09213,108000125,,0
09214,09214,서울정인학교.우광타운,37.6292979,127.0131269,09214,108000126,,0
09215,09215,구세군강북종합사회복지관입구,37.6247738,127.012386,09215,108000127,,0
09216,09216,구세군강북종합사회복지관입구,37.62492,127.012504,09216,108000128,,0
09217,09217,솔샘중고등학교.팔팔·미송경로당,37.623368,127.013138,09217,108000129,,0
09218,09218,솔샘중고등학교.팔팔·미송경로당,37.6232608,127.013027,09218,108000130,,0
09219,09219,동북프라자,37.619886,127.018109,09219,108000131,,0
09220,09220,동북프라자,37.6199944,127.0187973,09220,108000132,,0
09221,09221,두산위브아파트입구,37.620027,127.016258,09221,108000133,,0
09222,09222,두산위브아파트입구,37.6201499,127.016195,09222,108000134,,0
09223,09223,삼각산동SK아파트북한산시티미양초등학교,37.620197,127.013398,09223,108000135,,0
09224,09224,삼양동벽산라이브파크미양초등학교,37.620308,127.012611,09224,108000136,,0
09289,09289,우이동차고지기점,37.663032,127.011738,09289,108000194,,0
09294,09294,우이동차고지종점,37.663129,127.012147,09294,108000199,,0
10011,10011,도봉보건소,37.6589364,127.0407624,10011,109000011,,0
10012,10012,도봉보건소.북한산아이파크아파트,37.658205,127.040517,10012,109000012,,0
10013,10013,도봉구민회관.도봉문화원,37.6545598,127.0381737,10013,109000013,,0
10014,10014,도봉구민회관.도봉문화원,37.653968,127.037977,10014,109000014,,0
10015,10015,쌍문역,37.6488174,127.0347687,10015,109000015,,0
10016,10016,쌍문역,37.6480714,127.0344601,10016,109000016,,0
10017,10017,우이교.한일병원입구,37.645293,127.0326524,10017,109000017,,0
10018,10018,우이교.한일병원입구,37.644652,127.03242,10018,109000018,,0
10184,10184,연산군.정의공주묘,37.661732,127.023323,10184,109000099,,0
10185,10185,연산군.정의공주묘,37.6620015,127.0231446,10185,109000100,,0
10186,10186,방학동신동아타워,37.6616803,127.028111,10186,109000101,,0
10187,10187,방학동신동아타워,37.662028,127.028692,10187,109000102,,0
10189,10189,방학동신동아아파트,37.6619831,127.0313835,10189,109000104,,0
10190,10190,방학동신동아아파트,37.662362,127.03202,10190,109000105,,0
10191,10191,방학초등학교,37.662362,127.0342415,10191,109000106,,0
10192,10192,방학초등학교,37.662595,127.034113,10192,109000107,,0
10193,10193,신한은행방학동지점,37.6626546,127.0370024,10193,109000108,,0
10194,10194,신한은행방학동지점,37.662933,127.036807,10194,109000109,,0
10195,10195,방학사거리,37.66272,127.040618,10195,109000110,,0
10196,10196,방학사거리,37.66298,127.040387,10196,109000111,,0
10304,10304,방학교,37.661947,127.04192,10304,109000216,,0
10342,10342,한국사회봉사회,37.6618138,127.0147587,10342,108000384,,0
10343,10343,한국사회봉사회,37.662163,127.014675,10343,108000385,,0
13007,13007,사천교,37.567558,126.918153,13007,112000007,,0
13008,13008,연희104고지앞.궁동근린공원,37.5662843,126.9250825,13008,112000008,,0
13009,13009,연희104고지앞.궁동근린공원,37.566357,126.9257861,13009,112000009,,0
13010,13010,서대문우체국,37.561955,126.931992,13010,112000010,,0
13011,13011,서대문우체국,37.5625326,126.9314621,13011,112000011,,0
13012,13012,연세대앞,37.559959,126.935341,13012,112000012,,0
13013,13013,연세대앞,37.5601569,126.9354996,13013,112000013,,0
13014,13014,세브란스병원앞,37.5599675,126.9384507,13014,112000014,,0
13015,13015,세브란스병원앞,37.5601326,126.9389237,13015,112000015,,0
13016,13016,이대후문,37.5626002,126.9433012,13016,112000016,,0
13019,13019,동교동삼거리,37.5577647,126.9295196,13019,113000415,,0
13021,13021,신촌오거리.현대백화점,37.5559834,126.9345038,13021,113000416,,0
13023,13023,신촌오거리.2호선신촌역,37.555731,126.938693,13023,113000417,,0
13025,13025,이대역,37.5568756,126.9472705,13025,113000411,,0
13042,13042,웨딩타운,37.55724,126.952552,13042,113000475,,0
13044,13044,아현역,37.557396,126.956889,13044,113000478,,0
13045,13045,충정로역,37.560855,126.963315,13045,112000430,,0
13046,13046,충정로역,37.559843,126.962471,13046,112000429,,0
13047,13047,서대문역사거리,37.565579,126.966565,13047,101000304,,0
13109,13109,사천교,37.567753,126.918313,13109,112000026,,0
13119,13119,이대부중,37.5636441,126.944163,13119,112000036,,0
13120,13120,이대부고,37.565531,126.946423,13120,112000037,,0
13121,13121,이대부고,37.5663178,126.946476,13121,112000038,,0
13191,13191,명지대사거리,37.577378,126.920981,13191,112000108,,0
13204,13204,연가교,37.5725614,126.9221821,13204,112000121,,0
13209,13209,남가좌현대아파트,37.5749176,126.9218592,13209,112000126,,0
13228,13228,백련시장,37.576647,126.9249301,13228,112000145,,0
13230,13230,명지대사거리.백련시장,37.5774257,126.9225808,13230,112000147,,0
13256,13256,연가교,37.572816,126.92215,13256,112000173,,0
13260,13260,서대문종합사회복지관,37.5712597,126.9200245,13260,112000177,,0
13261,13261,서대문종합사회복지관,37.5709633,126.9201437,13261,112000178,,0
13262,13262,홍남교.백련시장입구,37.5752856,126.925184,13262,112000179,,0
14013,14013,서교동,37.5536367,126.9195816,14013,113000423,,0
14014,14014,서교동,37.5541725,126.9200217,14014,113000413,,0
14015,14015,홍대입구역,37.556641,126.923466,14015,113000422,,0
14016,14016,홍대입구역,37.557325,126.924317,14016,113000414,,0
14061,14061,동교동삼거리,37.558069,126.928546,14061,113000421,,0
14062,14062,신촌오거리.현대백화점,37.5553966,126.9358931,14062,113000420,,0
14063,14063,신촌오거리.2호선신촌역,37.55611,126.94015,14063,113000419,,0
14064,14064,이대역,37.556652,126.944495,14064,113000418,,0
14067,14067,웨딩타운,37.557092,126.951517,14067,113000476,,0
14068,14068,아현역,37.557293,126.954943,14068,113000477,,0
14101,14101,마포구청.성산자동차검사소,37.5649539,126.9024231,14101,113000011,,0
14102,14102,마포구청,37.5649024,126.9018904,14102,113000012,,0
14103,14103,마포농수산물시장.월드컵공원,37.566106,126.897454,14103,113000013,,0
14104,14104,월드컵경기장남측.월드컵공원,37.566664,126.896317,14104,113000014,,0
14108,14108,월드컵파크3단지.난지천공원,37.57232,126.888463,14108,113000018,,0
14115,14115,월드컵공원입구.문화비축기지입구,37.568523,126.892748,14115,113000025,,0
14116,14116,월드컵파크3단지정문,37.573822,126.889228,14116,113000026,,0
14117,14117,월드컵파크2단지.에스플렉스센터,37.575267,126.890647,14117,113000027,,0
14118,14118,월드컵파크2단지.에스플렉스센터,37.5753385,126.890291,14118,113000028,,0
14219,14219,합정역2번출구,37.5510604,126.9156095,14219,113000128,,0
14220,14220,합정역4번출구,37.5502177,126.9153072,14220,113000129,,0
14233,14233,홍익대학교,37.5530706,126.9246414,14233,113000142,,0
14235,14235,산울림소극장,37.5549582,126.9301572,14235,113000144,,0
14244,14244,메세나폴리스,37.550946,126.912933,14244,113000153,,0
14245,14245,마포한강푸르지오,37.550787,126.912592,14245,113000154,,0
14246,14246,성산초등학교입구,37.5531302,126.9118677,14246,113000155,,0
14247,14247,성산초등학교입구,37.553218,126.912262,14247,113000156,,0
14248,14248,기업은행서교동지점(최규하대통령가옥),37.5547915,126.9114639,14248,113000157,,0
14249,14249,기업은행서교동지점(최규하대통령가옥),37.5548695,126.9108956,14249,113000158,,0
14250,14250,망원시장.망원동월드컵시장입구,37.557338,126.908759,14250,113000159,,0
14251,14251,망원시장.망원동월드컵시장입구,37.5575911,126.9089433,14251,113000160,,0
14252,14252,망원동방울내길입구,37.5604276,126.9063647,14252,113000161,,0
14253,14253,망원동방울내길입구,37.5605946,126.9057249,14253,113000162,,0
14272,14272,월드컵파크7단지,37.581876,126.878963,14272,113000181,,0
14283,14283,삼진제약,37.553351,126.926719,14283,113000189,,0
14284,14284,홍대입구역사거리,37.55473,126.92221,14284,113000190,,0
14286,14286,상암DMC홍보관.YTN,37.577985,126.891323,14286,113000192,,0
14287,14287,상암DMC홍보관.YTN,37.5774606,126.8912876,14287,113000193,,0
14288,14288,월드컵파크5단지.상암중고등학교입구,37.580921,126.886335,14288,113000194,,0
14289,14289,월드컵파크5단지,37.5803333,126.8865178,14289,113000195,,0
14291,14291,상암고등학교,37.5819239,126.8841995,14291,113000197,,0
14292,14292,월드컵파크3단지후문,37.571242,126.889762,14292,113000198,,0
14307,14307,누리꿈스퀘어.MBC,37.578988,126.889637,14307,113000204,,0
14332,14332,월드컵공원입구.문화비축기지입구,37.568177,126.892749,14332,113000410,,0
14335,14335,월드컵파크9.10.11.12단지,37.584397,126.879965,14335,113000432,,0
18136,18136,벽산아파트1단지.호압사입구,37.4527574,126.9207601,18136,117000050,,0
18137,18137,벽산아파트1단지.호압사입구,37.453078,126.92119,18137,117000051,,0
18138,18138,벽산아파트5단지,37.446768,126.918953,18138,117000052,,0
18139,18139,벽산아파트5단지,37.446355,126.918683,18139,117000053,,0
20013,20013,노들역,37.512825,126.949256,20013,119000013,,0
20114,20114,노량진역3번출구,37.513495,126.941878,20114,119000024,,0
20115,20115,노량진역2번출구,37.513905,126.943467,20115,119000025,,0
20119,20119,사육신공원,37.513315,126.947977,20119,119000027,,0
20121,20121,노들역,37.512865,126.951048,20121,119000028,,0
20147,20147,성대시장,37.50007,126.930872,20147,119000054,,0
20148,20148,성대시장,37.500285,126.931693,20148,119000055,,0
20149,20149,동작구청.장승배기역3번출구,37.5033779,126.9367361,20149,119000056,,0
20150,20150,상도초등학교입구,37.5029599,126.9357683,20150,119000057,,0
20151,20151,동작구청.장승배기역4번출구,37.5046761,126.9385221,20151,119000058,,0
20186,20186,신대방삼거리,37.4977749,126.9278411,20186,119000093,,0
20187,20187,신대방삼거리,37.498328,126.928253,20187,119000094,,0
20188,20188,신대방동성당.보라매병원입구,37.494757,126.927191,20188,119000095,,0
20190,20190,노량진초등학교앞,37.5105502,126.9400541,20190,119000097,,0
20191,20191,노량진초등학교앞,37.510453,126.940337,20191,119000098,,0
20192,20192,장성교회,37.508211,126.9399682,20192,119000099,,0
20193,20193,청화병원,37.5072451,126.9400798,20193,119000100,,0
21145,21145,서울대벤처타운역1번출구,37.473207,126.9336863,21145,120000044,,0
21146,21146,쑥고개입구,37.4761917,126.9374951,21146,120000045,,0
21147,21147,서원역1번출구.신관중학교,37.4786498,126.9323857,21147,120000046,,0
21149,21149,신림동별빛거리입구,37.485847,126.929633,21149,120000048,,0
21150,21150,당곡역.보라매공원.보라매병원,37.49044,126.92762,21150,120000049,,0
21151,21151,당곡역2번출구.롯데백화점관악점,37.490008,126.927485,21151,120000050,,0
21152,21152,신림동별빛거리입구,37.486415,126.929057,21152,120000051,,0
21153,21153,신림사거리,37.4827671,126.9296378,21153,120000052,,0
21154,21154,서원역,37.477918,126.932724,21154,120000053,,0
21155,21155,서림동주민센터.신화단지,37.4755292,126.9363417,21155,120000054,,0
21156,21156,서울대벤처타운역.삼성동시장,37.4727128,126.9329597,21156,120000055,,0
21165,21165,삼성동주민센터,37.470005,126.933025,21165,120000063,,0
21166,21166,미림고개,37.468114,126.931983,21166,120000064,,0
21167,21167,미림여고.미림마이스터고등학교,37.465641,126.931333,21167,120000065,,0
21168,21168,신우초등학교,37.462721,126.931693,21168,120000066,,0
21169,21169,삼성산성지,37.458825,126.929865,21169,120000067,,0
21170,21170,산장아파트,37.459955,126.927725,21170,120000068,,0
21171,21171,삼성산주공아파트,37.461345,126.925109,21171,120000069,,0
21172,21172,산복터널.관악산휴먼시아2단지,37.458697,126.922015,21172,120000070,,0
21173,21173,산복터널.관악산휴먼시아2단지,37.459082,126.922572,21173,120000071,,0
21174,21174,삼성산주공아파트,37.4611063,126.925091,21174,120000072,,0
21175,21175,산장아파트,37.459798,126.9275,21175,120000073,,0
21176,21176,삼성산성지,37.458613,126.92989,21176,120000074,,0
21177,21177,신우초등학교,37.4624107,126.9319561,21177,120000075,,0
21178,21178,미림여고.미림마이스터고등학교,37.4651129,126.9316212,21178,120000076,,0
21179,21179,미림고개.고시촌입구,37.467637,126.932,21179,120000077,,0
21180,21180,서울대벤처타운역,37.470692,126.933592,21180,120000078,,0
21263,21263,보라매삼성아파트.모자원고개,37.4945144,126.9273976,21263,120000161,,0
21369,21369,서원동승리교앞,37.481586,126.929906,21369,120000457,,0
21377,21377,신림역2번출구,37.483322,126.9298972,21377,119000314,,0
25012,25012,강동역,37.536106,127.131516,25012,124000366,,0
25014,25014,천호역,37.537949,127.125539,25014,124000454,,0
25123,25123,길동사거리.강동세무서,37.5344457,127.1375233,25123,124000023,,0
25125,25125,강동역1번출구.동신중학교,37.536283,127.131857,25125,124000025,,0
25127,25127,천호역5번출구,37.5377885,127.1270212,25127,124000027,,0
25221,25221,참잘함한방병원,37.54093,127.140043,25221,124000112,,0
25223,25223,천동초등학교.천호도서관,37.540437,127.136948,25223,124000114,,0
25224,25224,강동성심병원(동신중학교),37.537458,127.1355,25224,124000115,,0
25240,25240,길동역1번출구,37.5379724,127.1399401,25240,124000129,,0
25242,25242,서울프라임한방병원,37.5355253,127.1389352,25242,124000131,,0
25374,25374,천호역1번출구.문구거리,37.539294,127.122232,25374,124000452,,0
35446,35446,대덕동행정복지센터,37.5851904,126.8767489,35446,218000523,,0
57602,57602,경인교육대후문,37.4323371,126.915125,57602,208000028,,0
